{
 "cells": [
  {
   "cell_type": "markdown",
   "metadata": {},
   "source": [
    "## Stacking the Best Models\n",
    "<pre><b>This Kernel shows how the scores can be improved using Stacking Method.\n",
    "Credit Goes to the following kernels\n",
    "ref:\n",
    "1. https://www.kaggle.com/filemide/distance-criskiev-hyparam-cont-1-662\n",
    "2. https://www.kaggle.com/criskiev/distance-is-all-you-need-lb-1-481\n",
    "3. https://www.kaggle.com/marcelotamashiro/lgb-public-kernels-plus-more-features\n",
    "4. https://www.kaggle.com/scaomath/no-memory-reduction-workflow-for-each-type-lb-1-28\n",
    "5. https://www.kaggle.com/fnands/1-mpnn/output?scriptVersionId=18233432\n",
    "6. https://www.kaggle.com/harshit92/fork-from-kernel-1-481\n",
    "7. https://www.kaggle.com/xwxw2929/keras-neural-net-and-distance-features\n",
    "8. https://www.kaggle.com/marcogorelli/criskiev-s-distances-more-estimators-groupkfold?scriptVersionId=18843561\n",
    "9. https://www.kaggle.com/toshik/schnet-starter-kit\n",
    "10.https://www.kaggle.com/abazdyrev/nn-w-o-skew\n",
    "\n",
    "</b></pre>"
   ]
  },
  {
   "cell_type": "markdown",
   "metadata": {},
   "source": [
    "## Stat Stack"
   ]
  },
  {
   "cell_type": "code",
   "execution_count": 1,
   "metadata": {
    "_cell_guid": "b1076dfc-b9ad-4769-8c92-a6c4dae69d19",
    "_uuid": "8f2839f25d086af736a60e9eeb907d3b93b6e0e5"
   },
   "outputs": [
    {
     "name": "stdout",
     "output_type": "stream",
     "text": [
      "champs-scalar-coupling\n",
      "chemistry-models\n",
      "\n"
     ]
    }
   ],
   "source": [
    "import os\n",
    "import numpy as np \n",
    "import pandas as pd \n",
    "import matplotlib.pyplot as plt\n",
    "from scipy.stats.mstats import gmean\n",
    "import seaborn as sns\n",
    "%matplotlib inline\n",
    "from subprocess import check_output\n",
    "print(check_output([\"ls\", \"../input\"]).decode(\"utf8\"))"
   ]
  },
  {
   "cell_type": "code",
   "execution_count": 2,
   "metadata": {},
   "outputs": [
    {
     "data": {
      "text/plain": [
       "['submission-1.618.csv',\n",
       " 'submission-1.648.csv',\n",
       " 'submission-1.619.csv',\n",
       " 'submission-1.643.csv',\n",
       " 'submission-1.674.csv',\n",
       " 'submission-1.679.csv',\n",
       " 'submission-1.610.csv',\n",
       " 'submission-1.667.csv',\n",
       " 'submission-1.681.csv',\n",
       " 'submission-1.286.csv',\n",
       " 'submission-1.658.csv',\n",
       " 'submission-1.302.csv',\n",
       " 'submission-1.663.csv',\n",
       " 'submission-1.327.csv',\n",
       " 'submission-1.415.csv',\n",
       " 'submission-1.481.csv',\n",
       " 'submission-1.672.csv']"
      ]
     },
     "execution_count": 2,
     "metadata": {},
     "output_type": "execute_result"
    }
   ],
   "source": [
    "sub_path = \"../input/chemistry-models\"\n",
    "all_files = os.listdir(sub_path)\n",
    "all_files"
   ]
  },
  {
   "cell_type": "code",
   "execution_count": 3,
   "metadata": {
    "_cell_guid": "79c7e3d0-c299-4dcb-8224-4455121ee9b0",
    "_uuid": "d629ff2d2480ee46fbb7e2d37f6b5fab8052498a"
   },
   "outputs": [],
   "source": [
    "import warnings\n",
    "warnings.filterwarnings(\"ignore\")\n",
    "outs = [pd.read_csv(os.path.join(sub_path, f), index_col=0) for f in all_files]\n",
    "concat_sub = pd.concat(outs, axis=1)\n",
    "cols = list(map(lambda x: \"mol\" + str(x), range(len(concat_sub.columns))))\n",
    "concat_sub.columns = cols\n",
    "concat_sub.reset_index(inplace=True)\n",
    "concat_sub.head()\n",
    "ncol = concat_sub.shape[1]"
   ]
  },
  {
   "cell_type": "code",
   "execution_count": 4,
   "metadata": {},
   "outputs": [
    {
     "data": {
      "text/html": [
       "<div>\n",
       "<style scoped>\n",
       "    .dataframe tbody tr th:only-of-type {\n",
       "        vertical-align: middle;\n",
       "    }\n",
       "\n",
       "    .dataframe tbody tr th {\n",
       "        vertical-align: top;\n",
       "    }\n",
       "\n",
       "    .dataframe thead th {\n",
       "        text-align: right;\n",
       "    }\n",
       "</style>\n",
       "<table border=\"1\" class=\"dataframe\">\n",
       "  <thead>\n",
       "    <tr style=\"text-align: right;\">\n",
       "      <th></th>\n",
       "      <th>mol0</th>\n",
       "      <th>mol1</th>\n",
       "      <th>mol2</th>\n",
       "      <th>mol3</th>\n",
       "      <th>mol4</th>\n",
       "      <th>mol5</th>\n",
       "      <th>mol6</th>\n",
       "      <th>mol7</th>\n",
       "      <th>mol8</th>\n",
       "      <th>mol9</th>\n",
       "      <th>mol10</th>\n",
       "      <th>mol11</th>\n",
       "      <th>mol12</th>\n",
       "      <th>mol13</th>\n",
       "      <th>mol14</th>\n",
       "      <th>mol15</th>\n",
       "      <th>mol16</th>\n",
       "    </tr>\n",
       "  </thead>\n",
       "  <tbody>\n",
       "    <tr>\n",
       "      <th>mol0</th>\n",
       "      <td>1.000000</td>\n",
       "      <td>0.999914</td>\n",
       "      <td>0.999893</td>\n",
       "      <td>0.999982</td>\n",
       "      <td>0.991931</td>\n",
       "      <td>0.991931</td>\n",
       "      <td>0.983502</td>\n",
       "      <td>0.999980</td>\n",
       "      <td>0.999899</td>\n",
       "      <td>0.999850</td>\n",
       "      <td>0.999961</td>\n",
       "      <td>0.999826</td>\n",
       "      <td>0.999897</td>\n",
       "      <td>0.999845</td>\n",
       "      <td>0.999845</td>\n",
       "      <td>0.999965</td>\n",
       "      <td>0.999896</td>\n",
       "    </tr>\n",
       "    <tr>\n",
       "      <th>mol1</th>\n",
       "      <td>0.999914</td>\n",
       "      <td>1.000000</td>\n",
       "      <td>0.999944</td>\n",
       "      <td>0.999919</td>\n",
       "      <td>0.991974</td>\n",
       "      <td>0.991974</td>\n",
       "      <td>0.983553</td>\n",
       "      <td>0.999921</td>\n",
       "      <td>0.999944</td>\n",
       "      <td>0.999835</td>\n",
       "      <td>0.999913</td>\n",
       "      <td>0.999803</td>\n",
       "      <td>0.999941</td>\n",
       "      <td>0.999826</td>\n",
       "      <td>0.999828</td>\n",
       "      <td>0.999898</td>\n",
       "      <td>0.999940</td>\n",
       "    </tr>\n",
       "    <tr>\n",
       "      <th>mol2</th>\n",
       "      <td>0.999893</td>\n",
       "      <td>0.999944</td>\n",
       "      <td>1.000000</td>\n",
       "      <td>0.999897</td>\n",
       "      <td>0.991967</td>\n",
       "      <td>0.991967</td>\n",
       "      <td>0.983536</td>\n",
       "      <td>0.999900</td>\n",
       "      <td>0.999931</td>\n",
       "      <td>0.999811</td>\n",
       "      <td>0.999892</td>\n",
       "      <td>0.999781</td>\n",
       "      <td>0.999931</td>\n",
       "      <td>0.999805</td>\n",
       "      <td>0.999804</td>\n",
       "      <td>0.999877</td>\n",
       "      <td>0.999931</td>\n",
       "    </tr>\n",
       "    <tr>\n",
       "      <th>mol3</th>\n",
       "      <td>0.999982</td>\n",
       "      <td>0.999919</td>\n",
       "      <td>0.999897</td>\n",
       "      <td>1.000000</td>\n",
       "      <td>0.991934</td>\n",
       "      <td>0.991934</td>\n",
       "      <td>0.983509</td>\n",
       "      <td>0.999985</td>\n",
       "      <td>0.999903</td>\n",
       "      <td>0.999854</td>\n",
       "      <td>0.999966</td>\n",
       "      <td>0.999831</td>\n",
       "      <td>0.999901</td>\n",
       "      <td>0.999849</td>\n",
       "      <td>0.999849</td>\n",
       "      <td>0.999985</td>\n",
       "      <td>0.999900</td>\n",
       "    </tr>\n",
       "    <tr>\n",
       "      <th>mol4</th>\n",
       "      <td>0.991931</td>\n",
       "      <td>0.991974</td>\n",
       "      <td>0.991967</td>\n",
       "      <td>0.991934</td>\n",
       "      <td>1.000000</td>\n",
       "      <td>1.000000</td>\n",
       "      <td>0.953004</td>\n",
       "      <td>0.991936</td>\n",
       "      <td>0.992624</td>\n",
       "      <td>0.991854</td>\n",
       "      <td>0.991935</td>\n",
       "      <td>0.991826</td>\n",
       "      <td>0.991972</td>\n",
       "      <td>0.991853</td>\n",
       "      <td>0.991851</td>\n",
       "      <td>0.991910</td>\n",
       "      <td>0.992622</td>\n",
       "    </tr>\n",
       "    <tr>\n",
       "      <th>mol5</th>\n",
       "      <td>0.991931</td>\n",
       "      <td>0.991974</td>\n",
       "      <td>0.991967</td>\n",
       "      <td>0.991934</td>\n",
       "      <td>1.000000</td>\n",
       "      <td>1.000000</td>\n",
       "      <td>0.953004</td>\n",
       "      <td>0.991936</td>\n",
       "      <td>0.992624</td>\n",
       "      <td>0.991854</td>\n",
       "      <td>0.991935</td>\n",
       "      <td>0.991826</td>\n",
       "      <td>0.991972</td>\n",
       "      <td>0.991853</td>\n",
       "      <td>0.991851</td>\n",
       "      <td>0.991910</td>\n",
       "      <td>0.992622</td>\n",
       "    </tr>\n",
       "    <tr>\n",
       "      <th>mol6</th>\n",
       "      <td>0.983502</td>\n",
       "      <td>0.983553</td>\n",
       "      <td>0.983536</td>\n",
       "      <td>0.983509</td>\n",
       "      <td>0.953004</td>\n",
       "      <td>0.953004</td>\n",
       "      <td>1.000000</td>\n",
       "      <td>0.983511</td>\n",
       "      <td>0.982639</td>\n",
       "      <td>0.983424</td>\n",
       "      <td>0.983495</td>\n",
       "      <td>0.983389</td>\n",
       "      <td>0.983538</td>\n",
       "      <td>0.983412</td>\n",
       "      <td>0.983408</td>\n",
       "      <td>0.983488</td>\n",
       "      <td>0.982617</td>\n",
       "    </tr>\n",
       "    <tr>\n",
       "      <th>mol7</th>\n",
       "      <td>0.999980</td>\n",
       "      <td>0.999921</td>\n",
       "      <td>0.999900</td>\n",
       "      <td>0.999985</td>\n",
       "      <td>0.991936</td>\n",
       "      <td>0.991936</td>\n",
       "      <td>0.983511</td>\n",
       "      <td>1.000000</td>\n",
       "      <td>0.999906</td>\n",
       "      <td>0.999856</td>\n",
       "      <td>0.999970</td>\n",
       "      <td>0.999834</td>\n",
       "      <td>0.999903</td>\n",
       "      <td>0.999851</td>\n",
       "      <td>0.999851</td>\n",
       "      <td>0.999970</td>\n",
       "      <td>0.999902</td>\n",
       "    </tr>\n",
       "    <tr>\n",
       "      <th>mol8</th>\n",
       "      <td>0.999899</td>\n",
       "      <td>0.999944</td>\n",
       "      <td>0.999931</td>\n",
       "      <td>0.999903</td>\n",
       "      <td>0.992624</td>\n",
       "      <td>0.992624</td>\n",
       "      <td>0.982639</td>\n",
       "      <td>0.999906</td>\n",
       "      <td>1.000000</td>\n",
       "      <td>0.999821</td>\n",
       "      <td>0.999899</td>\n",
       "      <td>0.999790</td>\n",
       "      <td>0.999937</td>\n",
       "      <td>0.999817</td>\n",
       "      <td>0.999814</td>\n",
       "      <td>0.999880</td>\n",
       "      <td>0.999978</td>\n",
       "    </tr>\n",
       "    <tr>\n",
       "      <th>mol9</th>\n",
       "      <td>0.999850</td>\n",
       "      <td>0.999835</td>\n",
       "      <td>0.999811</td>\n",
       "      <td>0.999854</td>\n",
       "      <td>0.991854</td>\n",
       "      <td>0.991854</td>\n",
       "      <td>0.983424</td>\n",
       "      <td>0.999856</td>\n",
       "      <td>0.999821</td>\n",
       "      <td>1.000000</td>\n",
       "      <td>0.999848</td>\n",
       "      <td>0.999833</td>\n",
       "      <td>0.999817</td>\n",
       "      <td>0.999881</td>\n",
       "      <td>0.999842</td>\n",
       "      <td>0.999838</td>\n",
       "      <td>0.999817</td>\n",
       "    </tr>\n",
       "    <tr>\n",
       "      <th>mol10</th>\n",
       "      <td>0.999961</td>\n",
       "      <td>0.999913</td>\n",
       "      <td>0.999892</td>\n",
       "      <td>0.999966</td>\n",
       "      <td>0.991935</td>\n",
       "      <td>0.991935</td>\n",
       "      <td>0.983495</td>\n",
       "      <td>0.999970</td>\n",
       "      <td>0.999899</td>\n",
       "      <td>0.999848</td>\n",
       "      <td>1.000000</td>\n",
       "      <td>0.999823</td>\n",
       "      <td>0.999896</td>\n",
       "      <td>0.999842</td>\n",
       "      <td>0.999844</td>\n",
       "      <td>0.999947</td>\n",
       "      <td>0.999896</td>\n",
       "    </tr>\n",
       "    <tr>\n",
       "      <th>mol11</th>\n",
       "      <td>0.999826</td>\n",
       "      <td>0.999803</td>\n",
       "      <td>0.999781</td>\n",
       "      <td>0.999831</td>\n",
       "      <td>0.991826</td>\n",
       "      <td>0.991826</td>\n",
       "      <td>0.983389</td>\n",
       "      <td>0.999834</td>\n",
       "      <td>0.999790</td>\n",
       "      <td>0.999833</td>\n",
       "      <td>0.999823</td>\n",
       "      <td>1.000000</td>\n",
       "      <td>0.999786</td>\n",
       "      <td>0.999831</td>\n",
       "      <td>0.999865</td>\n",
       "      <td>0.999822</td>\n",
       "      <td>0.999786</td>\n",
       "    </tr>\n",
       "    <tr>\n",
       "      <th>mol12</th>\n",
       "      <td>0.999897</td>\n",
       "      <td>0.999941</td>\n",
       "      <td>0.999931</td>\n",
       "      <td>0.999901</td>\n",
       "      <td>0.991972</td>\n",
       "      <td>0.991972</td>\n",
       "      <td>0.983538</td>\n",
       "      <td>0.999903</td>\n",
       "      <td>0.999937</td>\n",
       "      <td>0.999817</td>\n",
       "      <td>0.999896</td>\n",
       "      <td>0.999786</td>\n",
       "      <td>1.000000</td>\n",
       "      <td>0.999812</td>\n",
       "      <td>0.999810</td>\n",
       "      <td>0.999878</td>\n",
       "      <td>0.999936</td>\n",
       "    </tr>\n",
       "    <tr>\n",
       "      <th>mol13</th>\n",
       "      <td>0.999845</td>\n",
       "      <td>0.999826</td>\n",
       "      <td>0.999805</td>\n",
       "      <td>0.999849</td>\n",
       "      <td>0.991853</td>\n",
       "      <td>0.991853</td>\n",
       "      <td>0.983412</td>\n",
       "      <td>0.999851</td>\n",
       "      <td>0.999817</td>\n",
       "      <td>0.999881</td>\n",
       "      <td>0.999842</td>\n",
       "      <td>0.999831</td>\n",
       "      <td>0.999812</td>\n",
       "      <td>1.000000</td>\n",
       "      <td>0.999828</td>\n",
       "      <td>0.999830</td>\n",
       "      <td>0.999812</td>\n",
       "    </tr>\n",
       "    <tr>\n",
       "      <th>mol14</th>\n",
       "      <td>0.999845</td>\n",
       "      <td>0.999828</td>\n",
       "      <td>0.999804</td>\n",
       "      <td>0.999849</td>\n",
       "      <td>0.991851</td>\n",
       "      <td>0.991851</td>\n",
       "      <td>0.983408</td>\n",
       "      <td>0.999851</td>\n",
       "      <td>0.999814</td>\n",
       "      <td>0.999842</td>\n",
       "      <td>0.999844</td>\n",
       "      <td>0.999865</td>\n",
       "      <td>0.999810</td>\n",
       "      <td>0.999828</td>\n",
       "      <td>1.000000</td>\n",
       "      <td>0.999834</td>\n",
       "      <td>0.999810</td>\n",
       "    </tr>\n",
       "    <tr>\n",
       "      <th>mol15</th>\n",
       "      <td>0.999965</td>\n",
       "      <td>0.999898</td>\n",
       "      <td>0.999877</td>\n",
       "      <td>0.999985</td>\n",
       "      <td>0.991910</td>\n",
       "      <td>0.991910</td>\n",
       "      <td>0.983488</td>\n",
       "      <td>0.999970</td>\n",
       "      <td>0.999880</td>\n",
       "      <td>0.999838</td>\n",
       "      <td>0.999947</td>\n",
       "      <td>0.999822</td>\n",
       "      <td>0.999878</td>\n",
       "      <td>0.999830</td>\n",
       "      <td>0.999834</td>\n",
       "      <td>1.000000</td>\n",
       "      <td>0.999877</td>\n",
       "    </tr>\n",
       "    <tr>\n",
       "      <th>mol16</th>\n",
       "      <td>0.999896</td>\n",
       "      <td>0.999940</td>\n",
       "      <td>0.999931</td>\n",
       "      <td>0.999900</td>\n",
       "      <td>0.992622</td>\n",
       "      <td>0.992622</td>\n",
       "      <td>0.982617</td>\n",
       "      <td>0.999902</td>\n",
       "      <td>0.999978</td>\n",
       "      <td>0.999817</td>\n",
       "      <td>0.999896</td>\n",
       "      <td>0.999786</td>\n",
       "      <td>0.999936</td>\n",
       "      <td>0.999812</td>\n",
       "      <td>0.999810</td>\n",
       "      <td>0.999877</td>\n",
       "      <td>1.000000</td>\n",
       "    </tr>\n",
       "  </tbody>\n",
       "</table>\n",
       "</div>"
      ],
      "text/plain": [
       "           mol0      mol1      mol2      mol3      mol4      mol5      mol6  \\\n",
       "mol0   1.000000  0.999914  0.999893  0.999982  0.991931  0.991931  0.983502   \n",
       "mol1   0.999914  1.000000  0.999944  0.999919  0.991974  0.991974  0.983553   \n",
       "mol2   0.999893  0.999944  1.000000  0.999897  0.991967  0.991967  0.983536   \n",
       "mol3   0.999982  0.999919  0.999897  1.000000  0.991934  0.991934  0.983509   \n",
       "mol4   0.991931  0.991974  0.991967  0.991934  1.000000  1.000000  0.953004   \n",
       "mol5   0.991931  0.991974  0.991967  0.991934  1.000000  1.000000  0.953004   \n",
       "mol6   0.983502  0.983553  0.983536  0.983509  0.953004  0.953004  1.000000   \n",
       "mol7   0.999980  0.999921  0.999900  0.999985  0.991936  0.991936  0.983511   \n",
       "mol8   0.999899  0.999944  0.999931  0.999903  0.992624  0.992624  0.982639   \n",
       "mol9   0.999850  0.999835  0.999811  0.999854  0.991854  0.991854  0.983424   \n",
       "mol10  0.999961  0.999913  0.999892  0.999966  0.991935  0.991935  0.983495   \n",
       "mol11  0.999826  0.999803  0.999781  0.999831  0.991826  0.991826  0.983389   \n",
       "mol12  0.999897  0.999941  0.999931  0.999901  0.991972  0.991972  0.983538   \n",
       "mol13  0.999845  0.999826  0.999805  0.999849  0.991853  0.991853  0.983412   \n",
       "mol14  0.999845  0.999828  0.999804  0.999849  0.991851  0.991851  0.983408   \n",
       "mol15  0.999965  0.999898  0.999877  0.999985  0.991910  0.991910  0.983488   \n",
       "mol16  0.999896  0.999940  0.999931  0.999900  0.992622  0.992622  0.982617   \n",
       "\n",
       "           mol7      mol8      mol9     mol10     mol11     mol12     mol13  \\\n",
       "mol0   0.999980  0.999899  0.999850  0.999961  0.999826  0.999897  0.999845   \n",
       "mol1   0.999921  0.999944  0.999835  0.999913  0.999803  0.999941  0.999826   \n",
       "mol2   0.999900  0.999931  0.999811  0.999892  0.999781  0.999931  0.999805   \n",
       "mol3   0.999985  0.999903  0.999854  0.999966  0.999831  0.999901  0.999849   \n",
       "mol4   0.991936  0.992624  0.991854  0.991935  0.991826  0.991972  0.991853   \n",
       "mol5   0.991936  0.992624  0.991854  0.991935  0.991826  0.991972  0.991853   \n",
       "mol6   0.983511  0.982639  0.983424  0.983495  0.983389  0.983538  0.983412   \n",
       "mol7   1.000000  0.999906  0.999856  0.999970  0.999834  0.999903  0.999851   \n",
       "mol8   0.999906  1.000000  0.999821  0.999899  0.999790  0.999937  0.999817   \n",
       "mol9   0.999856  0.999821  1.000000  0.999848  0.999833  0.999817  0.999881   \n",
       "mol10  0.999970  0.999899  0.999848  1.000000  0.999823  0.999896  0.999842   \n",
       "mol11  0.999834  0.999790  0.999833  0.999823  1.000000  0.999786  0.999831   \n",
       "mol12  0.999903  0.999937  0.999817  0.999896  0.999786  1.000000  0.999812   \n",
       "mol13  0.999851  0.999817  0.999881  0.999842  0.999831  0.999812  1.000000   \n",
       "mol14  0.999851  0.999814  0.999842  0.999844  0.999865  0.999810  0.999828   \n",
       "mol15  0.999970  0.999880  0.999838  0.999947  0.999822  0.999878  0.999830   \n",
       "mol16  0.999902  0.999978  0.999817  0.999896  0.999786  0.999936  0.999812   \n",
       "\n",
       "          mol14     mol15     mol16  \n",
       "mol0   0.999845  0.999965  0.999896  \n",
       "mol1   0.999828  0.999898  0.999940  \n",
       "mol2   0.999804  0.999877  0.999931  \n",
       "mol3   0.999849  0.999985  0.999900  \n",
       "mol4   0.991851  0.991910  0.992622  \n",
       "mol5   0.991851  0.991910  0.992622  \n",
       "mol6   0.983408  0.983488  0.982617  \n",
       "mol7   0.999851  0.999970  0.999902  \n",
       "mol8   0.999814  0.999880  0.999978  \n",
       "mol9   0.999842  0.999838  0.999817  \n",
       "mol10  0.999844  0.999947  0.999896  \n",
       "mol11  0.999865  0.999822  0.999786  \n",
       "mol12  0.999810  0.999878  0.999936  \n",
       "mol13  0.999828  0.999830  0.999812  \n",
       "mol14  1.000000  0.999834  0.999810  \n",
       "mol15  0.999834  1.000000  0.999877  \n",
       "mol16  0.999810  0.999877  1.000000  "
      ]
     },
     "execution_count": 4,
     "metadata": {},
     "output_type": "execute_result"
    }
   ],
   "source": [
    "# check correlation\n",
    "concat_sub.iloc[:,1:].corr()"
   ]
  },
  {
   "cell_type": "code",
   "execution_count": 5,
   "metadata": {},
   "outputs": [
    {
     "data": {
      "text/plain": [
       "<matplotlib.axes._subplots.AxesSubplot at 0x7fb5c8dca748>"
      ]
     },
     "execution_count": 5,
     "metadata": {},
     "output_type": "execute_result"
    },
    {
     "data": {
